(kicad_pcb (version 20171130) (host pcbnew "(5.1.5)-3")

  (general
    (thickness 1.6)
    (drawings 42)
    (tracks 1130)
    (zones 0)
    (modules 104)
    (nets 62)
  )

  (page A4)
  (layers
    (0 F.Cu signal)
    (31 B.Cu signal)
    (32 B.Adhes user)
    (33 F.Adhes user)
    (34 B.Paste user)
    (35 F.Paste user)
    (36 B.SilkS user)
    (37 F.SilkS user)
    (38 B.Mask user)
    (39 F.Mask user)
    (40 Dwgs.User user)
    (41 Cmts.User user)
    (42 Eco1.User user)
    (43 Eco2.User user)
    (44 Edge.Cuts user)
    (45 Margin user)
    (46 B.CrtYd user)
    (47 F.CrtYd user)
    (48 B.Fab user)
    (49 F.Fab user)
  )

  (setup
    (last_trace_width 0.25)
    (user_trace_width 0.5)
    (user_trace_width 1)
    (user_trace_width 1.5)
    (trace_clearance 0.2)
    (zone_clearance 0.508)
    (zone_45_only no)
    (trace_min 0.2)
    (via_size 0.6)
    (via_drill 0.4)
    (via_min_size 0.4)
    (via_min_drill 0.3)
    (uvia_size 0.3)
    (uvia_drill 0.1)
    (uvias_allowed no)
    (uvia_min_size 0.2)
    (uvia_min_drill 0.1)
    (edge_width 0.15)
    (segment_width 0.2)
    (pcb_text_width 0.3)
    (pcb_text_size 1.5 1.5)
    (mod_edge_width 0.15)
    (mod_text_size 1 1)
    (mod_text_width 0.15)
    (pad_size 1.524 1.524)
    (pad_drill 0.762)
    (pad_to_mask_clearance 0.2)
    (solder_mask_min_width 0.25)
    (aux_axis_origin 0 0)
    (visible_elements 7FFFFF7F)
    (pcbplotparams
      (layerselection 0x010f0_ffffffff)
      (usegerberextensions true)
      (usegerberattributes false)
      (usegerberadvancedattributes false)
      (creategerberjobfile false)
      (excludeedgelayer false)
      (linewidth 0.100000)
      (plotframeref false)
      (viasonmask false)
      (mode 1)
      (useauxorigin false)
      (hpglpennumber 1)
      (hpglpenspeed 20)
      (hpglpendiameter 15.000000)
      (psnegative false)
      (psa4output false)
      (plotreference true)
      (plotvalue false)
      (plotinvisibletext false)
      (padsonsilk false)
      (subtractmaskfromsilk false)
      (outputformat 1)
      (mirror false)
      (drillshape 0)
      (scaleselection 1)
      (outputdirectory "Gerber/"))
  )

  (net 0 "")
  (net 1 +5V)
  (net 2 "Net-(BZ1-Pad2)")
  (net 3 +12V)
  (net 4 GND)
  (net 5 "Net-(D1-Pad1)")
  (net 6 "Net-(D1-Pad2)")
  (net 7 "Net-(J2-Pad6)")
  (net 8 "Net-(J2-Pad5)")
  (net 9 "Net-(J2-Pad1)")
  (net 10 "Net-(J2-Pad2)")
  (net 11 LCDRS)
  (net 12 "Net-(J3-Pad7)")
  (net 13 LCDE2)
  (net 14 "Net-(J3-Pad2)")
  (net 15 "Net-(J4-Pad9)")
  (net 16 "Net-(J4-Pad7)")
  (net 17 "Net-(J4-Pad3)")
  (net 18 "Net-(J4-Pad6)")
  (net 19 "Net-(J5-Pad1)")
  (net 20 "Net-(J6-Pad3)")
  (net 21 LCD02)
  (net 22 LCD03)
  (net 23 LCD01)
  (net 24 LCD04)
  (net 25 LCDE1)
  (net 26 "Net-(L1-Pad3)")
  (net 27 "Net-(L2-Pad3)")
  (net 28 "Net-(L3-Pad3)")
  (net 29 "Net-(L4-Pad3)")
  (net 30 "Net-(L5-Pad3)")
  (net 31 "Net-(L6-Pad3)")
  (net 32 "Net-(Q1-Pad1)")
  (net 33 "Net-(Q2-Pad1)")
  (net 34 "Net-(Q3-Pad1)")
  (net 35 "Net-(R6-Pad1)")
  (net 36 "Net-(R7-Pad2)")
  (net 37 "Net-(Q2-Pad2)")
  (net 38 "Net-(J3-Pad3)")
  (net 39 "Net-(J7-Pad5)")
  (net 40 "Net-(J7-Pad4)")
  (net 41 "Net-(J7-Pad3)")
  (net 42 "Net-(J7-Pad2)")
  (net 43 "Net-(J8-Pad5)")
  (net 44 "Net-(J8-Pad4)")
  (net 45 "Net-(J8-Pad1)")
  (net 46 "Net-(R13-Pad1)")
  (net 47 "Net-(R14-Pad1)")
  (net 48 "Net-(R10-Pad1)")
  (net 49 "Net-(R11-Pad1)")
  (net 50 "Net-(R12-Pad1)")
  (net 51 "Net-(R16-Pad1)")
  (net 52 "Net-(R17-Pad1)")
  (net 53 "Net-(RL1-Pad5)")
  (net 54 "Net-(RL1-Pad8)")
  (net 55 "Net-(U2-Pad2)")
  (net 56 "Net-(U2-Pad3)")
  (net 57 "Net-(U2-Pad13)")
  (net 58 "Net-(U2-Pad15)")
  (net 59 "Net-(U2-Pad16)")
  (net 60 "Net-(U2-Pad18)")
  (net 61 "Net-(J8-Pad2)")

  (net_class Default "Ceci est la Netclass par défaut"
    (clearance 0.2)
    (trace_width 0.25)
    (via_dia 0.6)
    (via_drill 0.4)
    (uvia_dia 0.3)
    (uvia_drill 0.1)
    (add_net +12V)
    (add_net +5V)
    (add_net GND)
    (add_net LCD01)
    (add_net LCD02)
    (add_net LCD03)
    (add_net LCD04)
    (add_net LCDE1)
    (add_net LCDE2)
    (add_net LCDRS)
    (add_net "Net-(BZ1-Pad2)")
    (add_net "Net-(D1-Pad1)")
    (add_net "Net-(D1-Pad2)")
    (add_net "Net-(J2-Pad1)")
    (add_net "Net-(J2-Pad2)")
    (add_net "Net-(J2-Pad5)")
    (add_net "Net-(J2-Pad6)")
    (add_net "Net-(J3-Pad2)")
    (add_net "Net-(J3-Pad3)")
    (add_net "Net-(J3-Pad7)")
    (add_net "Net-(J4-Pad3)")
    (add_net "Net-(J4-Pad6)")
    (add_net "Net-(J4-Pad7)")
    (add_net "Net-(J4-Pad9)")
    (add_net "Net-(J5-Pad1)")
    (add_net "Net-(J6-Pad3)")
    (add_net "Net-(J7-Pad2)")
    (add_net "Net-(J7-Pad3)")
    (add_net "Net-(J7-Pad4)")
    (add_net "Net-(J7-Pad5)")
    (add_net "Net-(J8-Pad1)")
    (add_net "Net-(J8-Pad2)")
    (add_net "Net-(J8-Pad4)")
    (add_net "Net-(J8-Pad5)")
    (add_net "Net-(L1-Pad3)")
    (add_net "Net-(L2-Pad3)")
    (add_net "Net-(L3-Pad3)")
    (add_net "Net-(L4-Pad3)")
    (add_net "Net-(L5-Pad3)")
    (add_net "Net-(L6-Pad3)")
    (add_net "Net-(Q1-Pad1)")
    (add_net "Net-(Q2-Pad1)")
    (add_net "Net-(Q2-Pad2)")
    (add_net "Net-(Q3-Pad1)")
    (add_net "Net-(R10-Pad1)")
    (add_net "Net-(R11-Pad1)")
    (add_net "Net-(R12-Pad1)")
    (add_net "Net-(R13-Pad1)")
    (add_net "Net-(R14-Pad1)")
    (add_net "Net-(R16-Pad1)")
    (add_net "Net-(R17-Pad1)")
    (add_net "Net-(R6-Pad1)")
    (add_net "Net-(R7-Pad2)")
    (add_net "Net-(RL1-Pad5)")
    (add_net "Net-(RL1-Pad8)")
    (add_net "Net-(U2-Pad13)")
    (add_net "Net-(U2-Pad15)")
    (add_net "Net-(U2-Pad16)")
    (add_net "Net-(U2-Pad18)")
    (add_net "Net-(U2-Pad2)")
    (add_net "Net-(U2-Pad3)")
  )

  (module Capacitor_Tantalum_SMD:CP_EIA-6032-28_Kemet-C_Pad2.25x2.35mm_HandSolder (layer F.Cu) (tedit 5B301BBE) (tstamp 5EB7FAAE)
    (at 117 115.5 90)
    (descr "Tantalum Capacitor SMD Kemet-C (6032-28 Metric), IPC_7351 nominal, (Body size from: http://www.kemet.com/Lists/ProductCatalog/Attachments/253/KEM_TC101_STD.pdf), generated with kicad-footprint-generator")
    (tags "capacitor tantalum")
    (path /59265C86)
    (attr smd)
    (fp_text reference C2 (at 0 -2.55 90) (layer F.SilkS)
      (effects (font (size 1 1) (thickness 0.15)))
    )
    (fp_text value 10u (at 0 2.55 90) (layer F.Fab)
      (effects (font (size 1 1) (thickness 0.15)))
    )
    (fp_text user %R (at 0 0 90) (layer F.Fab)
      (effects (font (size 1 1) (thickness 0.15)))
    )
    (fp_line (start 3.92 1.85) (end -3.92 1.85) (layer F.CrtYd) (width 0.05))
    (fp_line (start 3.92 -1.85) (end 3.92 1.85) (layer F.CrtYd) (width 0.05))
    (fp_line (start -3.92 -1.85) (end 3.92 -1.85) (layer F.CrtYd) (width 0.05))
    (fp_line (start -3.92 1.85) (end -3.92 -1.85) (layer F.CrtYd) (width 0.05))
    (fp_line (start -3.935 1.71) (end 3 1.71) (layer F.SilkS) (width 0.12))
    (fp_line (start -3.935 -1.71) (end -3.935 1.71) (layer F.SilkS) (width 0.12))
    (fp_line (start 3 -1.71) (end -3.935 -1.71) (layer F.SilkS) (width 0.12))
    (fp_line (start 3 1.6) (end 3 -1.6) (layer F.Fab) (width 0.1))
    (fp_line (start -3 1.6) (end 3 1.6) (layer F.Fab) (width 0.1))
    (fp_line (start -3 -0.8) (end -3 1.6) (layer F.Fab) (width 0.1))
    (fp_line (start -2.2 -1.6) (end -3 -0.8) (layer F.Fab) (width 0.1))
    (fp_line (start 3 -1.6) (end -2.2 -1.6) (layer F.Fab) (width 0.1))
    (pad 2 smd roundrect (at 2.55 0 90) (size 2.25 2.35) (layers F.Cu F.Paste F.Mask) (roundrect_rratio 0.111111))
    (pad 1 smd roundrect (at -2.55 0 90) (size 2.25 2.35) (layers F.Cu F.Paste F.Mask) (roundrect_rratio 0.111111))
    (model ${KISYS3DMOD}/Capacitor_Tantalum_SMD.3dshapes/CP_EIA-6032-28_Kemet-C.wrl
      (at (xyz 0 0 0))
      (scale (xyz 1 1 1))
      (rotate (xyz 0 0 0))
    )
  )

  (module Capacitor_SMD:C_0805_2012Metric_Pad1.15x1.40mm_HandSolder (layer F.Cu) (tedit 5B36C52B) (tstamp 5EB7FA9E)
    (at 112.8 115.7 270)
    (descr "Capacitor SMD 0805 (2012 Metric), square (rectangular) end terminal, IPC_7351 nominal with elongated pad for handsoldering. (Body size source: https://docs.google.com/spreadsheets/d/1BsfQQcO9C6DZCsRaXUlFlo91Tg2WpOkGARC1WS5S8t0/edit?usp=sharing), generated with kicad-footprint-generator")
    (tags "capacitor handsolder")
    (path /59265D9B)
    (attr smd)
    (fp_text reference C4 (at 0.3 1.8 90) (layer F.SilkS)
      (effects (font (size 1 1) (thickness 0.15)))
    )
    (fp_text value 100n (at 0 1.65 90) (layer F.Fab)
      (effects (font (size 1 1) (thickness 0.15)))
    )
    (fp_line (start -1 0.6) (end -1 -0.6) (layer F.Fab) (width 0.1))
    (fp_line (start -1 -0.6) (end 1 -0.6) (layer F.Fab) (width 0.1))
    (fp_line (start 1 -0.6) (end 1 0.6) (layer F.Fab) (width 0.1))
    (fp_line (start 1 0.6) (end -1 0.6) (layer F.Fab) (width 0.1))
    (fp_line (start -0.261252 -0.71) (end 0.261252 -0.71) (layer F.SilkS) (width 0.12))
    (fp_line (start -0.261252 0.71) (end 0.261252 0.71) (layer F.SilkS) (width 0.12))
    (fp_line (start -1.85 0.95) (end -1.85 -0.95) (layer F.CrtYd) (width 0.05))
    (fp_line (start -1.85 -0.95) (end 1.85 -0.95) (layer F.CrtYd) (width 0.05))
    (fp_line (start 1.85 -0.95) (end 1.85 0.95) (layer F.CrtYd) (width 0.05))
    (fp_line (start 1.85 0.95) (end -1.85 0.95) (layer F.CrtYd) (width 0.05))
    (fp_text user %R (at 0 0 90) (layer F.Fab)
      (effects (font (size 0.5 0.5) (thickness 0.08)))
    )
    (pad 1 smd roundrect (at -1.025 0 270) (size 1.15 1.4) (layers F.Cu F.Paste F.Mask) (roundrect_rratio 0.217391))
    (pad 2 smd roundrect (at 1.025 0 270) (size 1.15 1.4) (layers F.Cu F.Paste F.Mask) (roundrect_rratio 0.217391))
    (model ${KISYS3DMOD}/Capacitor_SMD.3dshapes/C_0805_2012Metric.wrl
      (at (xyz 0 0 0))
      (scale (xyz 1 1 1))
      (rotate (xyz 0 0 0))
    )
  )

  (module Capacitor_SMD:C_0805_2012Metric_Pad1.15x1.40mm_HandSolder (layer F.Cu) (tedit 5B36C52B) (tstamp 5EB7FA8E)
    (at 120.3 118.7 90)
    (descr "Capacitor SMD 0805 (2012 Metric), square (rectangular) end terminal, IPC_7351 nominal with elongated pad for handsoldering. (Body size source: https://docs.google.com/spreadsheets/d/1BsfQQcO9C6DZCsRaXUlFlo91Tg2WpOkGARC1WS5S8t0/edit?usp=sharing), generated with kicad-footprint-generator")
    (tags "capacitor handsolder")
    (path /59265DD0)
    (attr smd)
    (fp_text reference C3 (at -1.3 -0.3 180) (layer F.SilkS)
      (effects (font (size 1 1) (thickness 0.15)))
    )
    (fp_text value 100n (at 0 1.65 90) (layer F.Fab)
      (effects (font (size 1 1) (thickness 0.15)))
    )
    (fp_text user %R (at 0 0 90) (layer F.Fab)
      (effects (font (size 0.5 0.5) (thickness 0.08)))
    )
    (fp_line (start 1.85 0.95) (end -1.85 0.95) (layer F.CrtYd) (width 0.05))
    (fp_line (start 1.85 -0.95) (end 1.85 0.95) (layer F.CrtYd) (width 0.05))
    (fp_line (start -1.85 -0.95) (end 1.85 -0.95) (layer F.CrtYd) (width 0.05))
    (fp_line (start -1.85 0.95) (end -1.85 -0.95) (layer F.CrtYd) (width 0.05))
    (fp_line (start -0.261252 0.71) (end 0.261252 0.71) (layer F.SilkS) (width 0.12))
    (fp_line (start -0.261252 -0.71) (end 0.261252 -0.71) (layer F.SilkS) (width 0.12))
    (fp_line (start 1 0.6) (end -1 0.6) (layer F.Fab) (width 0.1))
    (fp_line (start 1 -0.6) (end 1 0.6) (layer F.Fab) (width 0.1))
    (fp_line (start -1 -0.6) (end 1 -0.6) (layer F.Fab) (width 0.1))
    (fp_line (start -1 0.6) (end -1 -0.6) (layer F.Fab) (width 0.1))
    (pad 2 smd roundrect (at 1.025 0 90) (size 1.15 1.4) (layers F.Cu F.Paste F.Mask) (roundrect_rratio 0.217391))
    (pad 1 smd roundrect (at -1.025 0 90) (size 1.15 1.4) (layers F.Cu F.Paste F.Mask) (roundrect_rratio 0.217391))
    (model ${KISYS3DMOD}/Capacitor_SMD.3dshapes/C_0805_2012Metric.wrl
      (at (xyz 0 0 0))
      (scale (xyz 1 1 1))
      (rotate (xyz 0 0 0))
    )
  )

  (module Diode_SMD:D_0805_2012Metric_Pad1.15x1.40mm_HandSolder (layer F.Cu) (tedit 5B4B45C8) (tstamp 5EB7FA7C)
    (at 109.8 70.7)
    (descr "Diode SMD 0805 (2012 Metric), square (rectangular) end terminal, IPC_7351 nominal, (Body size source: https://docs.google.com/spreadsheets/d/1BsfQQcO9C6DZCsRaXUlFlo91Tg2WpOkGARC1WS5S8t0/edit?usp=sharing), generated with kicad-footprint-generator")
    (tags "diode handsolder")
    (path /59252374)
    (attr smd)
    (fp_text reference D1 (at 0 -1.65) (layer F.SilkS)
      (effects (font (size 1 1) (thickness 0.15)))
    )
    (fp_text value LED (at 0 1.65) (layer F.Fab)
      (effects (font (size 1 1) (thickness 0.15)))
    )
    (fp_text user %R (at 0 0) (layer F.Fab)
      (effects (font (size 0.5 0.5) (thickness 0.08)))
    )
    (fp_line (start 1.85 0.95) (end -1.85 0.95) (layer F.CrtYd) (width 0.05))
    (fp_line (start 1.85 -0.95) (end 1.85 0.95) (layer F.CrtYd) (width 0.05))
    (fp_line (start -1.85 -0.95) (end 1.85 -0.95) (layer F.CrtYd) (width 0.05))
    (fp_line (start -1.85 0.95) (end -1.85 -0.95) (layer F.CrtYd) (width 0.05))
    (fp_line (start -1.86 0.96) (end 1 0.96) (layer F.SilkS) (width 0.12))
    (fp_line (start -1.86 -0.96) (end -1.86 0.96) (layer F.SilkS) (width 0.12))
    (fp_line (start 1 -0.96) (end -1.86 -0.96) (layer F.SilkS) (width 0.12))
    (fp_line (start 1 0.6) (end 1 -0.6) (layer F.Fab) (width 0.1))
    (fp_line (start -1 0.6) (end 1 0.6) (layer F.Fab) (width 0.1))
    (fp_line (start -1 -0.3) (end -1 0.6) (layer F.Fab) (width 0.1))
    (fp_line (start -0.7 -0.6) (end -1 -0.3) (layer F.Fab) (width 0.1))
    (fp_line (start 1 -0.6) (end -0.7 -0.6) (layer F.Fab) (width 0.1))
    (pad 2 smd roundrect (at 1.025 0) (size 1.15 1.4) (layers F.Cu F.Paste F.Mask) (roundrect_rratio 0.217391))
    (pad 1 smd roundrect (at -1.025 0) (size 1.15 1.4) (layers F.Cu F.Paste F.Mask) (roundrect_rratio 0.217391))
    (model ${KISYS3DMOD}/Diode_SMD.3dshapes/D_0805_2012Metric.wrl
      (at (xyz 0 0 0))
      (scale (xyz 1 1 1))
      (rotate (xyz 0 0 0))
    )
  )

  (module Capacitor_SMD:C_0805_2012Metric_Pad1.15x1.40mm_HandSolder (layer F.Cu) (tedit 5B36C52B) (tstamp 5EB7FA6C)
    (at 96.5 68)
    (descr "Capacitor SMD 0805 (2012 Metric), square (rectangular) end terminal, IPC_7351 nominal with elongated pad for handsoldering. (Body size source: https://docs.google.com/spreadsheets/d/1BsfQQcO9C6DZCsRaXUlFlo91Tg2WpOkGARC1WS5S8t0/edit?usp=sharing), generated with kicad-footprint-generator")
    (tags "capacitor handsolder")
    (path /59253CDA)
    (attr smd)
    (fp_text reference C6 (at 0 -1.65) (layer F.SilkS)
      (effects (font (size 1 1) (thickness 0.15)))
    )
    (fp_text value 100n (at 0 1.65) (layer F.Fab)
      (effects (font (size 1 1) (thickness 0.15)))
    )
    (fp_text user %R (at 0 0) (layer F.Fab)
      (effects (font (size 0.5 0.5) (thickness 0.08)))
    )
    (fp_line (start 1.85 0.95) (end -1.85 0.95) (layer F.CrtYd) (width 0.05))
    (fp_line (start 1.85 -0.95) (end 1.85 0.95) (layer F.CrtYd) (width 0.05))
    (fp_line (start -1.85 -0.95) (end 1.85 -0.95) (layer F.CrtYd) (width 0.05))
    (fp_line (start -1.85 0.95) (end -1.85 -0.95) (layer F.CrtYd) (width 0.05))
    (fp_line (start -0.261252 0.71) (end 0.261252 0.71) (layer F.SilkS) (width 0.12))
    (fp_line (start -0.261252 -0.71) (end 0.261252 -0.71) (layer F.SilkS) (width 0.12))
    (fp_line (start 1 0.6) (end -1 0.6) (layer F.Fab) (width 0.1))
    (fp_line (start 1 -0.6) (end 1 0.6) (layer F.Fab) (width 0.1))
    (fp_line (start -1 -0.6) (end 1 -0.6) (layer F.Fab) (width 0.1))
    (fp_line (start -1 0.6) (end -1 -0.6) (layer F.Fab) (width 0.1))
    (pad 2 smd roundrect (at 1.025 0) (size 1.15 1.4) (layers F.Cu F.Paste F.Mask) (roundrect_rratio 0.217391))
    (pad 1 smd roundrect (at -1.025 0) (size 1.15 1.4) (layers F.Cu F.Paste F.Mask) (roundrect_rratio 0.217391))
    (model ${KISYS3DMOD}/Capacitor_SMD.3dshapes/C_0805_2012Metric.wrl
      (at (xyz 0 0 0))
      (scale (xyz 1 1 1))
      (rotate (xyz 0 0 0))
    )
  )

  (module Buzzer_Beeper:Buzzer_12x9.5RM7.6 (layer F.Cu) (tedit 5A030281) (tstamp 5EB7FA60)
    (at 134 50.4 90)
    (descr "Generic Buzzer, D12mm height 9.5mm with RM7.6mm")
    (tags buzzer)
    (path /592544B9)
    (fp_text reference BZ1 (at 3.8 -7.2 270) (layer F.SilkS)
      (effects (font (size 1 1) (thickness 0.15)))
    )
    (fp_text value Buzzer (at 3.8 7.4 270) (layer F.Fab)
      (effects (font (size 1 1) (thickness 0.15)))
    )
    (fp_circle (center 3.8 0) (end 9.9 0) (layer F.SilkS) (width 0.12))
    (fp_circle (center 3.8 0) (end 4.8 0) (layer F.Fab) (width 0.1))
    (fp_circle (center 3.8 0) (end 9.8 0) (layer F.Fab) (width 0.1))
    (fp_circle (center 3.8 0) (end 10.05 0) (layer F.CrtYd) (width 0.05))
    (fp_text user %R (at 3.8 -4 90) (layer F.Fab)
      (effects (font (size 1 1) (thickness 0.15)))
    )
    (fp_text user + (at -0.01 -2.54 90) (layer F.SilkS)
      (effects (font (size 1 1) (thickness 0.15)))
    )
    (fp_text user + (at -0.01 -2.54 90) (layer F.Fab)
      (effects (font (size 1 1) (thickness 0.15)))
    )
    (pad 2 thru_hole circle (at 7.6 0 90) (size 2 2) (drill 1) (layers *.Cu *.Mask))
    (pad 1 thru_hole rect (at 0 0 90) (size 2 2) (drill 1) (layers *.Cu *.Mask))
    (model ${KISYS3DMOD}/Buzzer_Beeper.3dshapes/Buzzer_12x9.5RM7.6.wrl
      (at (xyz 0 0 0))
      (scale (xyz 1 1 1))
      (rotate (xyz 0 0 0))
    )
  )

  (module Capacitor_SMD:C_0805_2012Metric_Pad1.15x1.40mm_HandSolder (layer F.Cu) (tedit 5B36C52B) (tstamp 5EB7FA50)
    (at 116.25 107 270)
    (descr "Capacitor SMD 0805 (2012 Metric), square (rectangular) end terminal, IPC_7351 nominal with elongated pad for handsoldering. (Body size source: https://docs.google.com/spreadsheets/d/1BsfQQcO9C6DZCsRaXUlFlo91Tg2WpOkGARC1WS5S8t0/edit?usp=sharing), generated with kicad-footprint-generator")
    (tags "capacitor handsolder")
    (path /59265E89)
    (attr smd)
    (fp_text reference C5 (at 0 -1.65 90) (layer F.SilkS)
      (effects (font (size 1 1) (thickness 0.15)))
    )
    (fp_text value 100n (at 0 1.65 90) (layer F.Fab)
      (effects (font (size 1 1) (thickness 0.15)))
    )
    (fp_line (start -1 0.6) (end -1 -0.6) (layer F.Fab) (width 0.1))
    (fp_line (start -1 -0.6) (end 1 -0.6) (layer F.Fab) (width 0.1))
    (fp_line (start 1 -0.6) (end 1 0.6) (layer F.Fab) (width 0.1))
    (fp_line (start 1 0.6) (end -1 0.6) (layer F.Fab) (width 0.1))
    (fp_line (start -0.261252 -0.71) (end 0.261252 -0.71) (layer F.SilkS) (width 0.12))
    (fp_line (start -0.261252 0.71) (end 0.261252 0.71) (layer F.SilkS) (width 0.12))
    (fp_line (start -1.85 0.95) (end -1.85 -0.95) (layer F.CrtYd) (width 0.05))
    (fp_line (start -1.85 -0.95) (end 1.85 -0.95) (layer F.CrtYd) (width 0.05))
    (fp_line (start 1.85 -0.95) (end 1.85 0.95) (layer F.CrtYd) (width 0.05))
    (fp_line (start 1.85 0.95) (end -1.85 0.95) (layer F.CrtYd) (width 0.05))
    (fp_text user %R (at 0 0 90) (layer F.Fab)
      (effects (font (size 0.5 0.5) (thickness 0.08)))
    )
    (pad 1 smd roundrect (at -1.025 0 270) (size 1.15 1.4) (layers F.Cu F.Paste F.Mask) (roundrect_rratio 0.217391))
    (pad 2 smd roundrect (at 1.025 0 270) (size 1.15 1.4) (layers F.Cu F.Paste F.Mask) (roundrect_rratio 0.217391))
    (model ${KISYS3DMOD}/Capacitor_SMD.3dshapes/C_0805_2012Metric.wrl
      (at (xyz 0 0 0))
      (scale (xyz 1 1 1))
      (rotate (xyz 0 0 0))
    )
  )

  (module Resistor_SMD:R_0805_2012Metric_Pad1.15x1.40mm_HandSolder (layer F.Cu) (tedit 5B36C52B) (tstamp 5EB7F883)
    (at 106 48 180)
    (descr "Resistor SMD 0805 (2012 Metric), square (rectangular) end terminal, IPC_7351 nominal with elongated pad for handsoldering. (Body size source: https://docs.google.com/spreadsheets/d/1BsfQQcO9C6DZCsRaXUlFlo91Tg2WpOkGARC1WS5S8t0/edit?usp=sharing), generated with kicad-footprint-generator")
    (tags "resistor handsolder")
    (path /5EA6BD87)
    (attr smd)
    (fp_text reference R14 (at 0.5 2) (layer F.SilkS)
      (effects (font (size 1 1) (thickness 0.15)))
    )
    (fp_text value 1k5 (at 0 1.65) (layer F.Fab)
      (effects (font (size 1 1) (thickness 0.15)))
    )
    (fp_text user %R (at 0 0) (layer F.Fab)
      (effects (font (size 0.5 0.5) (thickness 0.08)))
    )
    (fp_line (start 1.85 0.95) (end -1.85 0.95) (layer F.CrtYd) (width 0.05))
    (fp_line (start 1.85 -0.95) (end 1.85 0.95) (layer F.CrtYd) (width 0.05))
    (fp_line (start -1.85 -0.95) (end 1.85 -0.95) (layer F.CrtYd) (width 0.05))
    (fp_line (start -1.85 0.95) (end -1.85 -0.95) (layer F.CrtYd) (width 0.05))
    (fp_line (start -0.261252 0.71) (end 0.261252 0.71) (layer F.SilkS) (width 0.12))
    (fp_line (start -0.261252 -0.71) (end 0.261252 -0.71) (layer F.SilkS) (width 0.12))
    (fp_line (start 1 0.6) (end -1 0.6) (layer F.Fab) (width 0.1))
    (fp_line (start 1 -0.6) (end 1 0.6) (layer F.Fab) (width 0.1))
    (fp_line (start -1 -0.6) (end 1 -0.6) (layer F.Fab) (width 0.1))
    (fp_line (start -1 0.6) (end -1 -0.6) (layer F.Fab) (width 0.1))
    (pad 2 smd roundrect (at 1.025 0 180) (size 1.15 1.4) (layers F.Cu F.Paste F.Mask) (roundrect_rratio 0.217391))
    (pad 1 smd roundrect (at -1.025 0 180) (size 1.15 1.4) (layers F.Cu F.Paste F.Mask) (roundrect_rratio 0.217391))
    (model ${KISYS3DMOD}/Resistor_SMD.3dshapes/R_0805_2012Metric.wrl
      (at (xyz 0 0 0))
      (scale (xyz 1 1 1))
      (rotate (xyz 0 0 0))
    )
  )

  (module Ferrite_LC_NFM41P:Ferrite_LC_NFM41P (layer F.Cu) (tedit 5A156BAE) (tstamp 5EB7F86B)
    (at 103.8 94.7)
    (descr "LC Ferrite NFM41P")
    (tags "ferrite 1812")
    (path /59257632)
    (attr smd)
    (fp_text reference L3 (at 6.5 0) (layer F.SilkS)
      (effects (font (size 1 1) (thickness 0.15)))
    )
    (fp_text value L_cap (at 0 2.85) (layer F.Fab)
      (effects (font (size 1 1) (thickness 0.15)))
    )
    (fp_line (start -1.73 -1.88) (end 1.73 -1.88) (layer Eco2.User) (width 0.12))
    (fp_line (start -1.73 1.88) (end 1.73 1.88) (layer Eco2.User) (width 0.12))
    (fp_text user %R (at 6.5 0) (layer F.Fab)
      (effects (font (size 1 1) (thickness 0.15)))
    )
    (fp_line (start 2.25 0.8) (end -2.25 0.8) (layer Eco2.User) (width 0.15))
    (fp_line (start -2.25 -0.8) (end -2.25 0.8) (layer Eco2.User) (width 0.15))
    (fp_line (start 2.25 -0.8) (end -2.25 -0.8) (layer Eco2.User) (width 0.15))
    (fp_line (start 2.25 0.8) (end 2.25 -0.8) (layer Eco2.User) (width 0.15))
    (fp_line (start -1.75 -0.8) (end -1.75 0.8) (layer Eco2.User) (width 0.15))
    (fp_line (start 1.75 0.8) (end 1.75 -0.8) (layer Eco2.User) (width 0.15))
    (fp_line (start -3.8 -2) (end 3.8 -2) (layer F.SilkS) (width 0.05))
    (fp_line (start -3.8 2) (end -3.8 -2) (layer F.SilkS) (width 0.05))
    (fp_line (start 3.8 2) (end -3.8 2) (layer F.SilkS) (width 0.05))
    (fp_line (start 3.8 -2) (end 3.8 2) (layer F.SilkS) (width 0.05))
    (fp_line (start -3.7 1.9) (end -3.7 -1.9) (layer F.CrtYd) (width 0.05))
    (fp_line (start 3.7 1.9) (end -3.7 1.9) (layer F.CrtYd) (width 0.05))
    (fp_line (start 3.7 -1.9) (end 3.7 1.9) (layer F.CrtYd) (width 0.05))
    (fp_line (start -3.7 -1.9) (end 3.7 -1.9) (layer F.CrtYd) (width 0.05))
    (pad 2 smd rect (at 0 1.2) (size 1.5 1.3) (layers F.Cu F.Paste F.Mask))
    (pad 2 smd rect (at 0 -1.2) (size 1.5 1.3) (layers F.Cu F.Paste F.Mask))
    (pad 3 smd rect (at 2.54 0) (size 2 2) (layers F.Cu F.Paste F.Mask))
    (pad 1 smd rect (at -2.54 0) (size 2 2) (layers F.Cu F.Paste F.Mask))
    (model C:/Users/Marco/Documents/KiCad/perso/modules/Ferrite_LC_NFM41P.pretty/Ferrite_LC_NFM41P.wrl
      (at (xyz 0 0 0))
      (scale (xyz 0.6 0.6 0.6))
      (rotate (xyz 0 0 90))
    )
  )

  (module Ferrite_LC_NFM41P:Ferrite_LC_NFM41P (layer F.Cu) (tedit 5A156BAE) (tstamp 5EB7F853)
    (at 104.05 89.7)
    (descr "LC Ferrite NFM41P")
    (tags "ferrite 1812")
    (path /59257625)
    (attr smd)
    (fp_text reference L4 (at 6.5 0) (layer F.SilkS)
      (effects (font (size 1 1) (thickness 0.15)))
    )
    (fp_text value L_cap (at 0 2.85) (layer F.Fab)
      (effects (font (size 1 1) (thickness 0.15)))
    )
    (fp_line (start -1.73 -1.88) (end 1.73 -1.88) (layer Eco2.User) (width 0.12))
    (fp_line (start -1.73 1.88) (end 1.73 1.88) (layer Eco2.User) (width 0.12))
    (fp_text user %R (at 6.5 0) (layer F.Fab)
      (effects (font (size 1 1) (thickness 0.15)))
    )
    (fp_line (start 2.25 0.8) (end -2.25 0.8) (layer Eco2.User) (width 0.15))
    (fp_line (start -2.25 -0.8) (end -2.25 0.8) (layer Eco2.User) (width 0.15))
    (fp_line (start 2.25 -0.8) (end -2.25 -0.8) (layer Eco2.User) (width 0.15))
    (fp_line (start 2.25 0.8) (end 2.25 -0.8) (layer Eco2.User) (width 0.15))
    (fp_line (start -1.75 -0.8) (end -1.75 0.8) (layer Eco2.User) (width 0.15))
    (fp_line (start 1.75 0.8) (end 1.75 -0.8) (layer Eco2.User) (width 0.15))
    (fp_line (start -3.8 -2) (end 3.8 -2) (layer F.SilkS) (width 0.05))
    (fp_line (start -3.8 2) (end -3.8 -2) (layer F.SilkS) (width 0.05))
    (fp_line (start 3.8 2) (end -3.8 2) (layer F.SilkS) (width 0.05))
    (fp_line (start 3.8 -2) (end 3.8 2) (layer F.SilkS) (width 0.05))
    (fp_line (start -3.7 1.9) (end -3.7 -1.9) (layer F.CrtYd) (width 0.05))
    (fp_line (start 3.7 1.9) (end -3.7 1.9) (layer F.CrtYd) (width 0.05))
    (fp_line (start 3.7 -1.9) (end 3.7 1.9) (layer F.CrtYd) (width 0.05))
    (fp_line (start -3.7 -1.9) (end 3.7 -1.9) (layer F.CrtYd) (width 0.05))
    (pad 2 smd rect (at 0 1.2) (size 1.5 1.3) (layers F.Cu F.Paste F.Mask))
    (pad 2 smd rect (at 0 -1.2) (size 1.5 1.3) (layers F.Cu F.Paste F.Mask))
    (pad 3 smd rect (at 2.54 0) (size 2 2) (layers F.Cu F.Paste F.Mask))
    (pad 1 smd rect (at -2.54 0) (size 2 2) (layers F.Cu F.Paste F.Mask))
    (model C:/Users/Marco/Documents/KiCad/perso/modules/Ferrite_LC_NFM41P.pretty/Ferrite_LC_NFM41P.wrl
      (at (xyz 0 0 0))
      (scale (xyz 0.6 0.6 0.6))
      (rotate (xyz 0 0 90))
    )
  )

  (module Resistor_SMD:R_0805_2012Metric_Pad1.15x1.40mm_HandSolder (layer F.Cu) (tedit 5B36C52B) (tstamp 5EB7F843)
    (at 102 42 180)
    (descr "Resistor SMD 0805 (2012 Metric), square (rectangular) end terminal, IPC_7351 nominal with elongated pad for handsoldering. (Body size source: https://docs.google.com/spreadsheets/d/1BsfQQcO9C6DZCsRaXUlFlo91Tg2WpOkGARC1WS5S8t0/edit?usp=sharing), generated with kicad-footprint-generator")
    (tags "resistor handsolder")
    (path /5EAD61BC)
    (attr smd)
    (fp_text reference R12 (at 0 -1.65) (layer F.SilkS)
      (effects (font (size 1 1) (thickness 0.15)))
    )
    (fp_text value 3k3 (at 0 1.65) (layer F.Fab)
      (effects (font (size 1 1) (thickness 0.15)))
    )
    (fp_line (start -1 0.6) (end -1 -0.6) (layer F.Fab) (width 0.1))
    (fp_line (start -1 -0.6) (end 1 -0.6) (layer F.Fab) (width 0.1))
    (fp_line (start 1 -0.6) (end 1 0.6) (layer F.Fab) (width 0.1))
    (fp_line (start 1 0.6) (end -1 0.6) (layer F.Fab) (width 0.1))
    (fp_line (start -0.261252 -0.71) (end 0.261252 -0.71) (layer F.SilkS) (width 0.12))
    (fp_line (start -0.261252 0.71) (end 0.261252 0.71) (layer F.SilkS) (width 0.12))
    (fp_line (start -1.85 0.95) (end -1.85 -0.95) (layer F.CrtYd) (width 0.05))
    (fp_line (start -1.85 -0.95) (end 1.85 -0.95) (layer F.CrtYd) (width 0.05))
    (fp_line (start 1.85 -0.95) (end 1.85 0.95) (layer F.CrtYd) (width 0.05))
    (fp_line (start 1.85 0.95) (end -1.85 0.95) (layer F.CrtYd) (width 0.05))
    (fp_text user %R (at 0 0) (layer F.Fab)
      (effects (font (size 0.5 0.5) (thickness 0.08)))
    )
    (pad 1 smd roundrect (at -1.025 0 180) (size 1.15 1.4) (layers F.Cu F.Paste F.Mask) (roundrect_rratio 0.217391))
    (pad 2 smd roundrect (at 1.025 0 180) (size 1.15 1.4) (layers F.Cu F.Paste F.Mask) (roundrect_rratio 0.217391))
    (model ${KISYS3DMOD}/Resistor_SMD.3dshapes/R_0805_2012Metric.wrl
      (at (xyz 0 0 0))
      (scale (xyz 1 1 1))
      (rotate (xyz 0 0 0))
    )
  )

  (module conn_kk100:kk100_22-23-2051 (layer F.Cu) (tedit 0) (tstamp 5EB7F82B)
    (at 95.6 47.4 90)
    (descr "5 pin vert. connector, Molex KK100 series")
    (path /5EA1ADF1)
    (fp_text reference J8 (at 7.4 2.4 180) (layer F.SilkS)
      (effects (font (size 1.524 1.524) (thickness 0.3048)))
    )
    (fp_text value Conn_01x05 (at 0 4.56946 90) (layer F.SilkS) hide
      (effects (font (size 1.524 1.524) (thickness 0.3048)))
    )
    (fp_line (start -6.35 3.175) (end -6.35 -3.175) (layer F.SilkS) (width 0.254))
    (fp_line (start 6.35 -3.175) (end 6.35 3.175) (layer F.SilkS) (width 0.254))
    (fp_line (start -1.778 2.921) (end -0.762 2.921) (layer F.SilkS) (width 0.254))
    (fp_line (start -1.778 2.921) (end -2.032 3.175) (layer F.SilkS) (width 0.254))
    (fp_line (start -0.762 2.921) (end -0.508 3.175) (layer F.SilkS) (width 0.254))
    (fp_line (start 4.572 3.175) (end 6.35 3.175) (layer F.SilkS) (width 0.254))
    (fp_line (start 4.318 2.921) (end 4.572 3.175) (layer F.SilkS) (width 0.254))
    (fp_line (start 3.302 2.921) (end 3.048 3.175) (layer F.SilkS) (width 0.254))
    (fp_line (start 3.302 2.921) (end 4.318 2.921) (layer F.SilkS) (width 0.254))
    (fp_line (start -2.032 3.175) (end -6.35 3.175) (layer F.SilkS) (width 0.254))
    (fp_line (start -0.508 3.175) (end 3.048 3.175) (layer F.SilkS) (width 0.254))
    (fp_line (start -6.35 -3.175) (end 6.35 -3.175) (layer F.SilkS) (width 0.254))
    (fp_line (start -6.096 -2.286) (end -6.096 -3.175) (layer F.SilkS) (width 0.254))
    (fp_line (start 6.096 -2.286) (end 6.096 -3.175) (layer F.SilkS) (width 0.254))
    (fp_line (start -6.096 -2.286) (end 6.096 -2.286) (layer F.SilkS) (width 0.254))
    (fp_line (start 6.096 -2.794) (end -6.096 -2.794) (layer F.SilkS) (width 0.254))
    (pad 2 thru_hole oval (at -2.54 -0.0762 90) (size 1.524 2.1971) (drill 1.016) (layers *.Cu *.Mask F.SilkS))
    (pad 1 thru_hole rect (at -5.08 -0.0762 90) (size 1.524 2.1971) (drill 1.016) (layers *.Cu *.Mask F.SilkS))
    (pad 4 thru_hole oval (at 2.54 -0.0762 90) (size 1.524 2.1971) (drill 1.016) (layers *.Cu *.Mask F.SilkS))
    (pad 5 thru_hole oval (at 5.08 -0.0762 90) (size 1.524 2.1971) (drill 1.016) (layers *.Cu *.Mask F.SilkS))
    (pad 3 thru_hole oval (at 0 -0.0762 90) (size 1.524 2.1971) (drill 1.016) (layers *.Cu *.Mask F.SilkS))
    (model ${MYSYSMOD}/conn_kk100.pretty/packages3d/conn_kk100/22-23-2051.wrl
      (at (xyz 0 0 0))
      (scale (xyz 1 1 1))
      (rotate (xyz 0 0 180))
    )
  )

  (module Resistor_SMD:R_0805_2012Metric_Pad1.15x1.40mm_HandSolder (layer F.Cu) (tedit 5B36C52B) (tstamp 5EB7F81B)
    (at 106 51 180)
    (descr "Resistor SMD 0805 (2012 Metric), square (rectangular) end terminal, IPC_7351 nominal with elongated pad for handsoldering. (Body size source: https://docs.google.com/spreadsheets/d/1BsfQQcO9C6DZCsRaXUlFlo91Tg2WpOkGARC1WS5S8t0/edit?usp=sharing), generated with kicad-footprint-generator")
    (tags "resistor handsolder")
    (path /5EA0AF95)
    (attr smd)
    (fp_text reference R13 (at 0 -1.65) (layer F.SilkS)
      (effects (font (size 1 1) (thickness 0.15)))
    )
    (fp_text value 2k (at 0 1.65) (layer F.Fab)
      (effects (font (size 1 1) (thickness 0.15)))
    )
    (fp_line (start -1 0.6) (end -1 -0.6) (layer F.Fab) (width 0.1))
    (fp_line (start -1 -0.6) (end 1 -0.6) (layer F.Fab) (width 0.1))
    (fp_line (start 1 -0.6) (end 1 0.6) (layer F.Fab) (width 0.1))
    (fp_line (start 1 0.6) (end -1 0.6) (layer F.Fab) (width 0.1))
    (fp_line (start -0.261252 -0.71) (end 0.261252 -0.71) (layer F.SilkS) (width 0.12))
    (fp_line (start -0.261252 0.71) (end 0.261252 0.71) (layer F.SilkS) (width 0.12))
    (fp_line (start -1.85 0.95) (end -1.85 -0.95) (layer F.CrtYd) (width 0.05))
    (fp_line (start -1.85 -0.95) (end 1.85 -0.95) (layer F.CrtYd) (width 0.05))
    (fp_line (start 1.85 -0.95) (end 1.85 0.95) (layer F.CrtYd) (width 0.05))
    (fp_line (start 1.85 0.95) (end -1.85 0.95) (layer F.CrtYd) (width 0.05))
    (fp_text user %R (at 0 0) (layer F.Fab)
      (effects (font (size 0.5 0.5) (thickness 0.08)))
    )
    (pad 1 smd roundrect (at -1.025 0 180) (size 1.15 1.4) (layers F.Cu F.Paste F.Mask) (roundrect_rratio 0.217391))
    (pad 2 smd roundrect (at 1.025 0 180) (size 1.15 1.4) (layers F.Cu F.Paste F.Mask) (roundrect_rratio 0.217391))
    (model ${KISYS3DMOD}/Resistor_SMD.3dshapes/R_0805_2012Metric.wrl
      (at (xyz 0 0 0))
      (scale (xyz 1 1 1))
      (rotate (xyz 0 0 0))
    )
  )

  (module Resistor_SMD:R_0805_2012Metric_Pad1.15x1.40mm_HandSolder (layer F.Cu) (tedit 5B36C52B) (tstamp 5EB7F80B)
    (at 102 48 180)
    (descr "Resistor SMD 0805 (2012 Metric), square (rectangular) end terminal, IPC_7351 nominal with elongated pad for handsoldering. (Body size source: https://docs.google.com/spreadsheets/d/1BsfQQcO9C6DZCsRaXUlFlo91Tg2WpOkGARC1WS5S8t0/edit?usp=sharing), generated with kicad-footprint-generator")
    (tags "resistor handsolder")
    (path /5EA6BD7D)
    (attr smd)
    (fp_text reference R11 (at 0 2) (layer F.SilkS)
      (effects (font (size 1 1) (thickness 0.15)))
    )
    (fp_text value 1k5 (at 0 1.65) (layer F.Fab)
      (effects (font (size 1 1) (thickness 0.15)))
    )
    (fp_line (start -1 0.6) (end -1 -0.6) (layer F.Fab) (width 0.1))
    (fp_line (start -1 -0.6) (end 1 -0.6) (layer F.Fab) (width 0.1))
    (fp_line (start 1 -0.6) (end 1 0.6) (layer F.Fab) (width 0.1))
    (fp_line (start 1 0.6) (end -1 0.6) (layer F.Fab) (width 0.1))
    (fp_line (start -0.261252 -0.71) (end 0.261252 -0.71) (layer F.SilkS) (width 0.12))
    (fp_line (start -0.261252 0.71) (end 0.261252 0.71) (layer F.SilkS) (width 0.12))
    (fp_line (start -1.85 0.95) (end -1.85 -0.95) (layer F.CrtYd) (width 0.05))
    (fp_line (start -1.85 -0.95) (end 1.85 -0.95) (layer F.CrtYd) (width 0.05))
    (fp_line (start 1.85 -0.95) (end 1.85 0.95) (layer F.CrtYd) (width 0.05))
    (fp_line (start 1.85 0.95) (end -1.85 0.95) (layer F.CrtYd) (width 0.05))
    (fp_text user %R (at 0 0) (layer F.Fab)
      (effects (font (size 0.5 0.5) (thickness 0.08)))
    )
    (pad 1 smd roundrect (at -1.025 0 180) (size 1.15 1.4) (layers F.Cu F.Paste F.Mask) (roundrect_rratio 0.217391))
    (pad 2 smd roundrect (at 1.025 0 180) (size 1.15 1.4) (layers F.Cu F.Paste F.Mask) (roundrect_rratio 0.217391))
    (model ${KISYS3DMOD}/Resistor_SMD.3dshapes/R_0805_2012Metric.wrl
      (at (xyz 0 0 0))
      (scale (xyz 1 1 1))
      (rotate (xyz 0 0 0))
    )
  )

  (module Resistor_SMD:R_0805_2012Metric_Pad1.15x1.40mm_HandSolder (layer F.Cu) (tedit 5B36C52B) (tstamp 5EB7F7FB)
    (at 102 51 180)
    (descr "Resistor SMD 0805 (2012 Metric), square (rectangular) end terminal, IPC_7351 nominal with elongated pad for handsoldering. (Body size source: https://docs.google.com/spreadsheets/d/1BsfQQcO9C6DZCsRaXUlFlo91Tg2WpOkGARC1WS5S8t0/edit?usp=sharing), generated with kicad-footprint-generator")
    (tags "resistor handsolder")
    (path /5EA08F4D)
    (attr smd)
    (fp_text reference R10 (at 0 -1.65) (layer F.SilkS)
      (effects (font (size 1 1) (thickness 0.15)))
    )
    (fp_text value 5k (at 0 1.65) (layer F.Fab)
      (effects (font (size 1 1) (thickness 0.15)))
    )
    (fp_text user %R (at 0 0) (layer F.Fab)
      (effects (font (size 0.5 0.5) (thickness 0.08)))
    )
    (fp_line (start 1.85 0.95) (end -1.85 0.95) (layer F.CrtYd) (width 0.05))
    (fp_line (start 1.85 -0.95) (end 1.85 0.95) (layer F.CrtYd) (width 0.05))
    (fp_line (start -1.85 -0.95) (end 1.85 -0.95) (layer F.CrtYd) (width 0.05))
    (fp_line (start -1.85 0.95) (end -1.85 -0.95) (layer F.CrtYd) (width 0.05))
    (fp_line (start -0.261252 0.71) (end 0.261252 0.71) (layer F.SilkS) (width 0.12))
    (fp_line (start -0.261252 -0.71) (end 0.261252 -0.71) (layer F.SilkS) (width 0.12))
    (fp_line (start 1 0.6) (end -1 0.6) (layer F.Fab) (width 0.1))
    (fp_line (start 1 -0.6) (end 1 0.6) (layer F.Fab) (width 0.1))
    (fp_line (start -1 -0.6) (end 1 -0.6) (layer F.Fab) (width 0.1))
    (fp_line (start -1 0.6) (end -1 -0.6) (layer F.Fab) (width 0.1))
    (pad 2 smd roundrect (at 1.025 0 180) (size 1.15 1.4) (layers F.Cu F.Paste F.Mask) (roundrect_rratio 0.217391))
    (pad 1 smd roundrect (at -1.025 0 180) (size 1.15 1.4) (layers F.Cu F.Paste F.Mask) (roundrect_rratio 0.217391))
    (model ${KISYS3DMOD}/Resistor_SMD.3dshapes/R_0805_2012Metric.wrl
      (at (xyz 0 0 0))
      (scale (xyz 1 1 1))
      (rotate (xyz 0 0 0))
    )
  )

  (module Ferrite_LC_NFM41P:Ferrite_LC_NFM41P (layer F.Cu) (tedit 5A156BAE) (tstamp 5EB7F7E3)
    (at 103.8 79.7)
    (descr "LC Ferrite NFM41P")
    (tags "ferrite 1812")
    (path /59257054)
    (attr smd)
    (fp_text reference L6 (at 6.5 0) (layer F.SilkS)
      (effects (font (size 1 1) (thickness 0.15)))
    )
    (fp_text value L_cap (at 0 2.85) (layer F.Fab)
      (effects (font (size 1 1) (thickness 0.15)))
    )
    (fp_line (start -1.73 -1.88) (end 1.73 -1.88) (layer Eco2.User) (width 0.12))
    (fp_line (start -1.73 1.88) (end 1.73 1.88) (layer Eco2.User) (width 0.12))
    (fp_text user %R (at 6.5 0) (layer F.Fab)
      (effects (font (size 1 1) (thickness 0.15)))
    )
    (fp_line (start 2.25 0.8) (end -2.25 0.8) (layer Eco2.User) (width 0.15))
    (fp_line (start -2.25 -0.8) (end -2.25 0.8) (layer Eco2.User) (width 0.15))
    (fp_line (start 2.25 -0.8) (end -2.25 -0.8) (layer Eco2.User) (width 0.15))
    (fp_line (start 2.25 0.8) (end 2.25 -0.8) (layer Eco2.User) (width 0.15))
    (fp_line (start -1.75 -0.8) (end -1.75 0.8) (layer Eco2.User) (width 0.15))
    (fp_line (start 1.75 0.8) (end 1.75 -0.8) (layer Eco2.User) (width 0.15))
    (fp_line (start -3.8 -2) (end 3.8 -2) (layer F.SilkS) (width 0.05))
    (fp_line (start -3.8 2) (end -3.8 -2) (layer F.SilkS) (width 0.05))
    (fp_line (start 3.8 2) (end -3.8 2) (layer F.SilkS) (width 0.05))
    (fp_line (start 3.8 -2) (end 3.8 2) (layer F.SilkS) (width 0.05))
    (fp_line (start -3.7 1.9) (end -3.7 -1.9) (layer F.CrtYd) (width 0.05))
    (fp_line (start 3.7 1.9) (end -3.7 1.9) (layer F.CrtYd) (width 0.05))
    (fp_line (start 3.7 -1.9) (end 3.7 1.9) (layer F.CrtYd) (width 0.05))
    (fp_line (start -3.7 -1.9) (end 3.7 -1.9) (layer F.CrtYd) (width 0.05))
    (pad 2 smd rect (at 0 1.2) (size 1.5 1.3) (layers F.Cu F.Paste F.Mask))
    (pad 2 smd rect (at 0 -1.2) (size 1.5 1.3) (layers F.Cu F.Paste F.Mask))
    (pad 3 smd rect (at 2.54 0) (size 2 2) (layers F.Cu F.Paste F.Mask))
    (pad 1 smd rect (at -2.54 0) (size 2 2) (layers F.Cu F.Paste F.Mask))
    (model C:/Users/Marco/Documents/KiCad/perso/modules/Ferrite_LC_NFM41P.pretty/Ferrite_LC_NFM41P.wrl
      (at (xyz 0 0 0))
      (scale (xyz 0.6 0.6 0.6))
      (rotate (xyz 0 0 90))
    )
  )

  (module Resistor_SMD:R_0805_2012Metric_Pad1.15x1.40mm_HandSolder (layer F.Cu) (tedit 5B36C52B) (tstamp 5EB7F786)
    (at 122.5 91.85 270)
    (descr "Resistor SMD 0805 (2012 Metric), square (rectangular) end terminal, IPC_7351 nominal with elongated pad for handsoldering. (Body size source: https://docs.google.com/spreadsheets/d/1BsfQQcO9C6DZCsRaXUlFlo91Tg2WpOkGARC1WS5S8t0/edit?usp=sharing), generated with kicad-footprint-generator")
    (tags "resistor handsolder")
    (path /592541E5)
    (attr smd)
    (fp_text reference R7 (at 0 -1.65 90) (layer F.SilkS)
      (effects (font (size 1 1) (thickness 0.15)))
    )
    (fp_text value 2k2 (at 0 1.65 90) (layer F.Fab)
      (effects (font (size 1 1) (thickness 0.15)))
    )
    (fp_line (start -1 0.6) (end -1 -0.6) (layer F.Fab) (width 0.1))
    (fp_line (start -1 -0.6) (end 1 -0.6) (layer F.Fab) (width 0.1))
    (fp_line (start 1 -0.6) (end 1 0.6) (layer F.Fab) (width 0.1))
    (fp_line (start 1 0.6) (end -1 0.6) (layer F.Fab) (width 0.1))
    (fp_line (start -0.261252 -0.71) (end 0.261252 -0.71) (layer F.SilkS) (width 0.12))
    (fp_line (start -0.261252 0.71) (end 0.261252 0.71) (layer F.SilkS) (width 0.12))
    (fp_line (start -1.85 0.95) (end -1.85 -0.95) (layer F.CrtYd) (width 0.05))
    (fp_line (start -1.85 -0.95) (end 1.85 -0.95) (layer F.CrtYd) (width 0.05))
    (fp_line (start 1.85 -0.95) (end 1.85 0.95) (layer F.CrtYd) (width 0.05))
    (fp_line (start 1.85 0.95) (end -1.85 0.95) (layer F.CrtYd) (width 0.05))
    (fp_text user %R (at 0 0 90) (layer F.Fab)
      (effects (font (size 0.5 0.5) (thickness 0.08)))
    )
    (pad 1 smd roundrect (at -1.025 0 270) (size 1.15 1.4) (layers F.Cu F.Paste F.Mask) (roundrect_rratio 0.217391))
